0 0.5921875 0.2671875 0.065625 0.0828125
1 0.68125 0.26875 0.2484375 0.0875
1 0.54375 0.2953125 0.046875 0.015625
0 0.559375 0.2984375 0.0203125 0.025
0 0.53125 0.2984375 0.01875 0.0234375
1 0.8859375 0.3046875 0.225 0.09375
0 0.8109375 0.3125 0.0765625 0.0734375
1 0.9375 0.3171875 0.1234375 0.0828125
1 0.4609375 0.3203125 0.115625 0.04375
0 0.45625 0.321875 0.0203125 0.0296875
0 0.41875 0.3234375 0.0296875 0.040625
1 0.3625 0.3265625 0.0828125 0.0296875
0 0.90625 0.3265625 0.0640625 0.0625
1 0.6296875 0.33125 0.2875 0.0609375
0 0.5078125 0.3328125 0.0484375 0.059375
1 0.3828125 0.3359375 0.059375 0.01875
0 0.35625 0.3375 0.0109375 0.0234375
0 0.5796875 0.35 0.015625 0.01875
1 0.703125 0.353125 0.1453125 0.0921875
1 0.41875 0.3546875 0.05 0.03125
1 0.4765625 0.35625 0.028125 0.015625
0 0.403125 0.35625 0.0234375 0.0296875
0 0.46875 0.359375 0.015625 0.0171875
0 0.66875 0.359375 0.071875 0.0765625
1 0.6109375 0.3640625 0.0421875 0.028125
0 0.7578125 0.3640625 0.08125 0.0875
1 0.559375 0.365625 0.046875 0.0203125
0 0.5421875 0.3671875 0.01875 0.021875
0 0.56875 0.3671875 0.0171875 0.021875
0 0.6015625 0.3671875 0.0234375 0.0328125
1 0.953125 0.3765625 0.0890625 0.11875
1 0.8625 0.378125 0.0859375 0.075
0 0.8578125 0.38125 0.0765625 0.06875
0 0.9546875 0.3875 0.0875 0.0984375
1 0.4828125 0.4109375 0.69375 0.1328125
0 0.8140625 0.4453125 0.028125 0.065625
1 0.5 0.4765625 0.146875 0.1
0 0.55 0.484375 0.046875 0.0828125