0 0.4640625 0.26875 0.0625 0.0796875
1 0.378125 0.271875 0.2421875 0.0859375
0 0.025 0.296875 0.0484375 0.0640625
1 0.5109375 0.296875 0.0453125 0.015625
0 0.496875 0.3 0.0203125 0.0234375
0 0.525 0.3 0.0171875 0.021875
1 0.1453125 0.30625 0.2859375 0.0921875
0 0.253125 0.3140625 0.0734375 0.071875
1 0.1140625 0.31875 0.1515625 0.0796875
1 0.59375 0.321875 0.1125 0.0421875
0 0.596875 0.3234375 0.0203125 0.0296875
0 0.634375 0.3234375 0.028125 0.0390625
1 0.6875 0.328125 0.0796875 0.028125
0 0.159375 0.328125 0.0609375 0.0609375
1 0.428125 0.33125 0.2796875 0.059375
0 0.546875 0.334375 0.046875 0.0578125
1 0.66875 0.3359375 0.0578125 0.01875
0 0.6953125 0.3375 0.0109375 0.0234375
0 0.4765625 0.35 0.015625 0.0171875
1 0.3578125 0.353125 0.140625 0.0890625
1 0.634375 0.3546875 0.0484375 0.0296875
1 0.5765625 0.35625 0.0265625 0.015625
0 0.65 0.35625 0.0234375 0.028125
0 0.584375 0.359375 0.015625 0.0171875
0 0.390625 0.359375 0.0703125 0.075
1 0.446875 0.3640625 0.040625 0.028125
0 0.303125 0.3640625 0.078125 0.084375
1 0.496875 0.365625 0.0453125 0.01875
0 0.5140625 0.3671875 0.01875 0.021875
0 0.4875 0.3671875 0.0171875 0.021875
0 0.4546875 0.3671875 0.021875 0.03125
1 0.0796875 0.375 0.1546875 0.115625
1 0.2015625 0.378125 0.084375 0.0734375
0 0.20625 0.3796875 0.0734375 0.0671875
0 0.1046875 0.3859375 0.0984375 0.0953125
1 0.5703125 0.409375 0.675 0.1296875
1 0.0375 0.4109375 0.071875 0.0671875
0 0.0578125 0.4296875 0.0296875 0.0234375
0 0.2484375 0.4421875 0.028125 0.0640625
1 0.5546875 0.4734375 0.14375 0.096875
0 0.50625 0.4796875 0.0453125 0.08125