1 0.3265625 0.3703125 0.6484375 0.3671875
1 0.62734375 0.4671875 0.7421875 0.5625
1 0.3875 0.49375 0.7703125 0.6125
1 0.79375 0.5 0.409375 0.625
0 0.4046875 0.5984375 0.2890625 0.2953125
1 0.96328125 0.65234375 0.0703125 0.3140625
0 0.746875 0.65625 0.3078125 0.303125
0 0.9640625 0.6953125 0.06875 0.23125
1 0.28125 0.7203125 0.425 0.1765625
1 0.5828125 0.7265625 0.340625 0.1625
0 0.0109375 0.7484375 0.0171875 0.0734375
0 0.1890625 0.7703125 0.2375 0.075
0 0.5125 0.8 0.1578125 0.015625
1 0.2046875 0.275 0.403125 0.175