1 0.6859375 0.3765625 0.621875 0.3828125
1 0.37578125 0.46953125 0.7515625 0.5671875
1 0.628125 0.49375 0.7390625 0.6171875
1 0.21640625 0.50703125 0.4328125 0.6078125
0 0.6109375 0.609375 0.275 0.28125
1 0.05546875 0.66171875 0.1109375 0.2984375
0 0.2828125 0.665625 0.29375 0.2875
0 0.0546875 0.7 0.109375 0.2171875
1 0.728125 0.725 0.40625 0.1671875
1 0.440625 0.73125 0.325 0.153125
0 0.9875 0.7515625 0.0203125 0.0703125
0 0.815625 0.7734375 0.2265625 0.0703125
0 0.50625 0.8015625 0.1515625 0.0125
1 0.803125 0.2859375 0.3890625 0.2