1 0.66875 0.43125 0.0328125 0.0171875
0 0.6625 0.4359375 0.0171875 0.01875
1 0.6359375 0.4390625 0.0453125 0.021875
1 0.64375 0.4609375 0.0640625 0.040625
0 0.6296875 0.465625 0.0359375 0.0296875
1 0.7734375 0.5109375 0.0328125 0.03125
1 0.8109375 0.5140625 0.0390625 0.0328125
1 0.8484375 0.5140625 0.0390625 0.0296875
1 0.1921875 0.5203125 0.0953125 0.078125
0 0.178125 0.5296875 0.0671875 0.065625
1 0.1765625 0.5984375 0.35 0.1921875
1 0.2421875 0.6015625 0.36875 0.1953125
1 0.3359375 0.6046875 0.321875 0.196875
0 0.025 0.6328125 0.046875 0.121875
0 0.115625 0.640625 0.1140625 0.11875
0 0.23125 0.6453125 0.1171875 0.1171875
1 0.6890625 0.7390625 0.259375 0.2640625