1 0.3609375 0.403125 0.034375 0.0171875
0 0.3671875 0.409375 0.01875 0.0203125
1 0.39375 0.4109375 0.046875 0.021875
1 0.3875 0.4328125 0.065625 0.0421875
0 0.4 0.4390625 0.0359375 0.0296875
1 0.253125 0.4859375 0.0328125 0.0328125
1 0.215625 0.4875 0.0390625 0.0328125
1 0.1765625 0.4890625 0.040625 0.03125
1 0.8484375 0.4953125 0.096875 0.0796875
0 0.8625 0.5046875 0.06875 0.0671875
1 0.840625 0.575 0.3125 0.196875
1 0.7984375 0.578125 0.3765625 0.2
1 0.7015625 0.58125 0.3296875 0.2015625
0 0.9265625 0.6171875 0.1171875 0.121875
0 0.8078125 0.621875 0.1203125 0.1203125
1 0.3390625 0.728125 0.265625 0.2890625