1 0.3078125 0.4421875 0.0328125 0.0171875
0 0.3140625 0.446875 0.0171875 0.01875
1 0.3390625 0.4484375 0.0453125 0.021875
1 0.3328125 0.4703125 0.0640625 0.040625
0 0.3453125 0.475 0.0359375 0.0296875
1 0.2015625 0.5203125 0.0328125 0.03125
1 0.165625 0.5234375 0.0390625 0.0328125
1 0.128125 0.525 0.0390625 0.0296875
1 0.7828125 0.53125 0.0953125 0.078125
0 0.796875 0.5390625 0.0671875 0.065625
1 0.8109375 0.609375 0.375 0.1921875
1 0.734375 0.6125 0.36875 0.1953125
1 0.6390625 0.615625 0.321875 0.196875
0 0.9625 0.64375 0.071875 0.121875
0 0.859375 0.65 0.1140625 0.11875
0 0.74375 0.6546875 0.1171875 0.1171875
1 0.2859375 0.7453125 0.259375 0.2546875