0 0.4453125 0.284375 0.0609375 0.0765625
1 0.3609375 0.2859375 0.23125 0.0828125
0 0.0234375 0.3109375 0.0453125 0.0609375
1 0.490625 0.3109375 0.04375 0.015625
0 0.4765625 0.3140625 0.0203125 0.0234375
0 0.5015625 0.3140625 0.0171875 0.021875
1 0.1390625 0.31875 0.2734375 0.0875
0 0.2421875 0.3265625 0.0703125 0.06875
1 0.109375 0.33125 0.1453125 0.0765625
1 0.56875 0.3328125 0.1078125 0.040625
0 0.571875 0.3359375 0.0203125 0.028125
0 0.6078125 0.3359375 0.0265625 0.0375
1 0.659375 0.3390625 0.0765625 0.0265625
0 0.153125 0.3390625 0.059375 0.0578125
1 0.409375 0.34375 0.26875 0.0578125
0 0.5234375 0.3453125 0.04375 0.05625
1 0.640625 0.3484375 0.05625 0.01875
0 0.665625 0.35 0.0109375 0.021875
0 0.45625 0.3609375 0.0140625 0.0171875
1 0.3421875 0.3640625 0.134375 0.0859375
1 0.6078125 0.365625 0.046875 0.0296875
1 0.553125 0.3671875 0.025 0.0140625
0 0.621875 0.3671875 0.021875 0.0265625
0 0.559375 0.3703125 0.015625 0.015625
0 0.375 0.3703125 0.0671875 0.071875
1 0.428125 0.375 0.0390625 0.0265625
0 0.290625 0.375 0.075 0.08125
1 0.475 0.3765625 0.04375 0.01875
0 0.4921875 0.3765625 0.01875 0.0203125
0 0.4671875 0.3765625 0.015625 0.0203125
0 0.4359375 0.378125 0.021875 0.0296875
1 0.075 0.3859375 0.1484375 0.109375
1 0.1921875 0.3875 0.0796875 0.0703125
0 0.1984375 0.390625 0.0703125 0.0640625
0 0.1 0.3953125 0.0953125 0.0921875
1 0.546875 0.41875 0.646875 0.125
1 0.0359375 0.41875 0.06875 0.0640625
0 0.0546875 0.4375 0.028125 0.021875
0 0.2375 0.45 0.0265625 0.0609375
1 0.53125 0.4796875 0.1375 0.0921875
0 0.484375 0.4859375 0.0421875 0.078125