0 0.5515625 0.284375 0.0609375 0.0765625
1 0.6359375 0.2859375 0.2328125 0.0828125
0 0.975 0.3109375 0.046875 0.0625
1 0.50625 0.3109375 0.04375 0.015625
0 0.5203125 0.3125 0.0203125 0.0234375
0 0.49375 0.3140625 0.0171875 0.021875
1 0.8609375 0.31875 0.2765625 0.0890625
0 0.75625 0.3265625 0.071875 0.06875
1 0.8890625 0.33125 0.1453125 0.0765625
1 0.428125 0.3328125 0.1078125 0.040625
0 0.425 0.3359375 0.0203125 0.028125
0 0.3875 0.3359375 0.028125 0.0375
1 0.3359375 0.3390625 0.0765625 0.028125
0 0.8453125 0.3390625 0.059375 0.0578125
1 0.5875 0.34375 0.2703125 0.0578125
0 0.471875 0.3453125 0.0453125 0.05625
1 0.3546875 0.3484375 0.05625 0.01875
0 0.3296875 0.35 0.0109375 0.021875
0 0.540625 0.3609375 0.0140625 0.0171875
1 0.6546875 0.3640625 0.1359375 0.0859375
1 0.3890625 0.365625 0.046875 0.0296875
1 0.44375 0.3671875 0.0265625 0.0140625
0 0.3734375 0.3671875 0.021875 0.028125
0 0.4359375 0.3703125 0.015625 0.015625
0 0.621875 0.3703125 0.0671875 0.071875
1 0.56875 0.375 0.0390625 0.0265625
0 0.70625 0.375 0.075 0.08125
1 0.5203125 0.3765625 0.04375 0.01875
0 0.5046875 0.3765625 0.01875 0.0203125
0 0.5296875 0.3765625 0.015625 0.0203125
0 0.5609375 0.378125 0.021875 0.0296875
1 0.9234375 0.3859375 0.15 0.1109375
1 0.8046875 0.3875 0.08125 0.0703125
0 0.8 0.390625 0.071875 0.0640625
0 0.8984375 0.3953125 0.0953125 0.0921875
1 0.45 0.41875 0.65 0.125
1 0.9640625 0.4203125 0.0703125 0.0640625
0 0.94375 0.4390625 0.028125 0.021875
0 0.759375 0.45 0.0265625 0.0609375
1 0.4640625 0.4796875 0.1375 0.09375
0 0.5125 0.4875 0.04375 0.078125