0 0.571875 0.2796875 0.0640625 0.08125
1 0.659375 0.28125 0.24375 0.0859375
0 0.99375 0.3078125 0.009375 0.0640625
1 0.525 0.3078125 0.0453125 0.015625
0 0.5390625 0.3109375 0.0203125 0.0234375
0 0.5109375 0.3109375 0.0171875 0.021875
1 0.8734375 0.3171875 0.25 0.0921875
0 0.784375 0.325 0.075 0.071875
1 0.9234375 0.3296875 0.15 0.08125
1 0.4421875 0.33125 0.1125 0.04375
0 0.4390625 0.334375 0.0203125 0.0296875
0 0.4015625 0.334375 0.028125 0.0390625
1 0.346875 0.3375 0.08125 0.028125
0 0.878125 0.3375 0.0625 0.0609375
1 0.6078125 0.3421875 0.28125 0.0609375
0 0.4890625 0.3453125 0.046875 0.0578125
1 0.3671875 0.346875 0.0578125 0.01875
0 0.340625 0.3484375 0.0109375 0.0234375
0 0.559375 0.3609375 0.015625 0.0171875
1 0.6796875 0.3640625 0.1421875 0.0890625
1 0.4015625 0.365625 0.05 0.03125
1 0.4578125 0.3671875 0.0265625 0.015625
0 0.3859375 0.3671875 0.0234375 0.028125
0 0.4515625 0.3703125 0.015625 0.0171875
0 0.6453125 0.3703125 0.0703125 0.075
1 0.5890625 0.375 0.040625 0.028125
0 0.7328125 0.375 0.0796875 0.084375
1 0.5390625 0.3765625 0.0453125 0.01875
0 0.521875 0.378125 0.01875 0.021875
0 0.5484375 0.378125 0.0171875 0.021875
0 0.58125 0.378125 0.021875 0.03125
1 0.9390625 0.3859375 0.1171875 0.115625
1 0.8359375 0.3875 0.084375 0.0734375
0 0.8296875 0.390625 0.075 0.0671875
0 0.9328125 0.396875 0.1 0.096875
1 0.465625 0.4203125 0.678125 0.1296875
1 0.98125 0.421875 0.034375 0.0671875
0 0.9796875 0.440625 0.0296875 0.0234375
0 0.7890625 0.453125 0.028125 0.0640625
1 0.48125 0.484375 0.14375 0.096875
0 0.5296875 0.4921875 0.0453125 0.08125