1 0.3125 0.375 0.61875 0.3765625
1 0.62265625 0.46796875 0.7515625 0.5609375
1 0.3703125 0.4921875 0.734375 0.609375
1 0.78125 0.50390625 0.434375 0.6078125
0 0.3875 0.60625 0.2734375 0.2796875
1 0.94140625 0.659375 0.1140625 0.303125
0 0.7140625 0.6609375 0.2921875 0.2890625
0 0.9421875 0.7 0.1125 0.225
1 0.2703125 0.7234375 0.403125 0.1734375
1 0.55625 0.7296875 0.3234375 0.159375
0 0.0125 0.746875 0.0203125 0.0703125
0 0.1828125 0.771875 0.2265625 0.0765625
0 0.490625 0.8 0.15 0.01875
1 0.1953125 0.284375 0.3875 0.19375