1 0.309375 0.3765625 0.615625 0.38125
1 0.61953125 0.46953125 0.7578125 0.5671875
1 0.36875 0.49375 0.7328125 0.615625
1 0.77890625 0.5046875 0.4390625 0.6125
0 0.38125 0.6078125 0.2765625 0.2828125
1 0.94140625 0.66015625 0.1140625 0.3015625
0 0.709375 0.6640625 0.2953125 0.290625
0 0.94140625 0.70078125 0.1140625 0.2203125
1 0.2640625 0.725 0.4078125 0.1703125
1 0.5515625 0.73125 0.3265625 0.15625
0 0.0078125 0.7515625 0.0109375 0.0703125
0 0.175 0.7734375 0.228125 0.071875
0 0.4859375 0.8015625 0.1515625 0.0140625
1 0.1921875 0.284375 0.38125 0.196875