1 0.3390625 0.428125 0.03125 0.015625
0 0.34375 0.4328125 0.0171875 0.01875
1 0.36875 0.434375 0.04375 0.0203125
1 0.3625 0.45625 0.0609375 0.0390625
0 0.375 0.4609375 0.034375 0.028125
1 0.2390625 0.503125 0.03125 0.0296875
1 0.203125 0.50625 0.0375 0.03125
1 0.1671875 0.5078125 0.0375 0.028125
1 0.7921875 0.5125 0.090625 0.0734375
0 0.80625 0.521875 0.0640625 0.0625
1 0.81875 0.5875 0.3578125 0.1828125
1 0.7453125 0.590625 0.3515625 0.1875
1 0.65625 0.59375 0.3078125 0.1875
0 0.9640625 0.6203125 0.06875 0.115625
0 0.865625 0.6265625 0.109375 0.1140625
0 0.7546875 0.63125 0.1109375 0.1109375
1 0.31875 0.734375 0.246875 0.2765625