1 0.65 0.4140625 0.0328125 0.0171875
0 0.64375 0.41875 0.0171875 0.01875
1 0.61875 0.421875 0.0453125 0.0203125
1 0.625 0.4421875 0.0625 0.040625
0 0.6125 0.4484375 0.034375 0.028125
1 0.753125 0.4921875 0.0328125 0.03125
1 0.790625 0.49375 0.0375 0.0328125
1 0.8265625 0.4953125 0.0390625 0.0296875
1 0.18125 0.5015625 0.09375 0.0765625
0 0.1671875 0.5109375 0.0671875 0.0640625
1 0.1703125 0.578125 0.3359375 0.1890625
1 0.2296875 0.58125 0.3625 0.19375
1 0.3234375 0.584375 0.3171875 0.19375
0 0.021875 0.6125 0.0375 0.11875
0 0.10625 0.61875 0.1125 0.1171875
0 0.2203125 0.625 0.115625 0.115625
1 0.671875 0.7296875 0.2546875 0.284375