1 0.3109375 0.4140625 0.034375 0.0171875
0 0.315625 0.41875 0.0171875 0.0203125
1 0.3421875 0.421875 0.046875 0.021875
1 0.3359375 0.4421875 0.065625 0.0421875
0 0.35 0.4484375 0.0359375 0.0296875
1 0.203125 0.49375 0.0328125 0.0328125
1 0.165625 0.496875 0.0390625 0.0328125
1 0.128125 0.4984375 0.040625 0.0296875
1 0.7921875 0.503125 0.096875 0.078125
0 0.80625 0.5125 0.06875 0.065625
1 0.8140625 0.5828125 0.3671875 0.19375
1 0.7421875 0.5859375 0.3734375 0.1984375
1 0.646875 0.5890625 0.325 0.2
0 0.9671875 0.6171875 0.0609375 0.1234375
0 0.86875 0.625 0.115625 0.1203125
0 0.7515625 0.6296875 0.11875 0.11875
1 0.2890625 0.7328125 0.2625 0.2796875